OBJECT_NAME = CALSPHERE 1
OBJECT_ID = 1964-063C
EPOCH = 2021-09-22T16:41:57.234048
MEAN_MOTION = 13.73587732
ECCENTRICITY = .0029368
INCLINATION = 90.1683
RA_OF_ASC_NODE = 36.1139
ARG_OF_PERICENTER = 36.1139
MEAN_ANOMALY = 319.1837
EPHEMERIS_TYPE = 0
CLASSIFICATION_TYPE = U
NORAD_CAT_ID = 900
ELEMENT_SET_NO = 999
REV_AT_EPOCH = 83390
BSTAR = .23902E-3
MEAN_MOTION_DOT = .233E-5,
MEAN_MOTION_DDOT = 0
